cell     d   n unsat  unk   med_s   max_s  leaves_hat    cpu_h_hat    usd_hat
h3_t0   10   8     0    8    1800    1800    2.18e+06 >=  1.09e+06 >= 1.6e+04
h3_t0   14   8     0    8    1800    1800    3.78e+08 >=  1.89e+08 >=2.77e+06
h3_t0   18   8     0    8    1800    1800    2.77e+10 >=  1.38e+10 >=2.03e+08
h5_t0    7  16     5   11    1800    1800    5.75e+04 >=   2.3e+04 >=     338
h5_t0   10  16    16    0       9     235    1.89e+06     2.76e+04        406
h5_t0   13  16    16    0       2       7    3.42e+07     1.75e+04        257
h5_t0   16  16    16    0       1       2    4.08e+08     1.29e+05   1.89e+03
h5_t0   19  14    14    0       2       2    6.09e+09     2.36e+06   3.47e+04
h5_t1   13   7     7    0       1      17    2.86e+07     1.74e+04        255
h5_t1   16   7     7    0       1       2       5e+08      9.7e+04   1.42e+03
h5_t1   19   4     4    0       1       1    1.61e+09     2.87e+05   4.21e+03
CERT h5_t0 13 CERTIFIED 13344423 7 7
CERT h5_t0 10 CERTIFIED 15239878 8 8
