118
0 0 0 0 0 3 1 1 3 1 1 3 1 1 3 1 1 3 1 1 48 0 4 7 9 10 12 16 17 18 19 24 25 29 31 34 35 36 37 39 40 42 45 46 50 52 54 55 56 58 60 61 67 72 79 81 82 83 84 85 88 90 100 102 103 104 110 112 113
0 0 0 0 1 2 1 2 3 2 0 2 1 2 3 0 2 3 1 0 25 5 6 11 14 16 17 19 27 38 42 45 50 55 58 61 63 78 81 82 83 87 89 90 93 96
0 0 0 0 2 3 0 2 2 2 1 3 0 2 2 1 2 3 0 1 25 3 5 11 12 14 16 18 25 27 28 35 37 78 82 84 87 88 89 96 97 100 102 104 112 115
0 0 0 1 0 2 1 2 2 1 2 3 2 0 3 1 0 3 0 2 25 2 6 7 9 14 19 28 32 38 39 52 55 56 67 71 72 78 80 88 90 91 100 101 102 106
0 0 0 1 1 1 1 3 2 2 1 2 2 1 3 0 1 3 0 1 36 0 6 7 14 16 19 24 38 39 42 45 46 52 54 55 56 58 60 63 71 78 80 82 84 89 90 91 93 95 96 100 104 106 111 115 117
0 0 0 2 0 3 0 2 3 0 2 2 2 1 3 0 1 2 1 2 25 1 2 6 7 10 11 28 29 31 32 34 37 78 80 81 82 83 84 100 101 104 106 107 110 111
0 0 1 0 0 2 2 1 3 0 2 3 1 0 2 1 2 3 2 0 25 1 3 4 5 28 29 30 31 38 40 42 43 45 66 68 69 72 78 79 81 100 102 103 104 105
0 0 1 0 2 2 1 2 2 1 2 3 0 1 1 1 3 3 1 0 36 0 3 4 5 12 16 17 28 29 30 35 36 42 50 53 63 64 68 69 78 79 82 85 87 89 97 100 102 103 104 105 110 112 113 115 116
0 0 1 1 1 0 2 3 2 1 2 2 2 0 2 0 2 3 1 0 18 38 42 45 53 55 58 66 69 78 89 90 93 100 104 105 106 107 109
0 0 1 1 2 1 1 3 1 1 3 3 1 0 1 1 2 3 0 1 24 0 3 16 28 42 54 58 60 67 69 70 72 75 78 88 89 90 93 95 100 101 102 104 106
0 0 1 2 2 2 0 3 2 0 3 2 1 1 1 0 3 2 1 1 18 0 5 28 29 30 78 82 87 100 101 104 105 106 109 110 115 116 117
0 0 2 0 0 3 2 0 2 1 2 3 0 1 3 0 2 2 2 1 25 1 2 5 14 16 17 18 28 29 30 34 37 38 39 42 43 50 52 53 54 61 66 67 69 70
0 0 2 1 0 2 2 1 1 1 3 3 1 0 3 0 1 2 1 2 36 0 2 7 14 16 18 19 24 28 29 31 32 38 39 42 46 52 53 54 55 56 58 60 66 67 69 70 71 75 91 100 101 104 105 107 109
0 0 2 1 2 2 1 2 0 2 3 3 0 1 2 0 2 2 0 2 18 14 16 18 28 52 54 63 67 69 70 89 96 100 101 104 111 115 117
0 1 0 0 0 2 2 1 3 1 0 3 0 2 3 2 0 2 1 2 25 1 2 3 4 11 12 13 25 38 39 40 41 47 48 49 52 61 78 79 82 83 84 85 86 88
0 1 0 1 1 0 2 3 2 2 0 2 1 2 3 1 0 2 0 2 18 38 39 44 47 48 52 55 56 78 80 82 84 86 90 91 96 97 99
0 1 0 2 0 2 1 2 3 0 1 2 1 2 3 1 0 1 1 3 36 0 1 2 4 7 9 11 12 13 29 34 36 39 44 47 49 67 71 74 78 79 80 82 83 84 85 86 100 101 103 107 110 111 112 113 114
0 1 0 2 1 1 1 3 3 1 0 1 1 3 3 0 1 1 1 2 24 0 1 7 11 39 46 47 50 51 56 60 61 65 78 80 81 82 83 84 87 90 91 95 96
0 1 0 2 2 2 0 3 2 1 1 2 0 3 2 1 1 1 0 3 18 0 2 11 12 13 78 82 84 86 87 96 99 100 101 111 112 114 117
0 1 1 0 0 1 3 1 3 0 1 3 0 1 2 2 1 2 2 1 36 0 1 3 4 12 29 36 38 39 40 41 42 43 48 49 50 51 66 67 68 70 76 77 78 79 82 83 85 86 100 102 103 105 110 112 113
0 1 1 0 1 0 3 2 3 1 0 2 0 2 2 1 2 2 2 0 18 38 40 42 43 48 49 50 53 63 64 78 79 82 83 85 87 89 97
0 1 1 1 0 0 3 2 2 0 2 3 1 0 2 2 0 2 1 2 18 38 39 40 41 44 66 67 68 71 74 78 79 80 100 101 102 103 107
0 1 1 1 2 0 2 3 1 1 2 3 0 1 1 2 1 2 0 2 20 41 42 48 54 63 67 70 77 78 82 86 88 89 97 100 101 102 112 114 117
0 1 1 2 1 0 2 3 3 0 1 1 1 2 2 0 2 1 2 1 20 39 43 46 50 51 66 71 77 78 80 81 82 83 87 100 105 107 110 116 117
0 1 1 2 2 1 1 3 2 0 2 2 0 2 1 1 2 1 1 2 27 0 4 12 29 36 50 51 67 70 76 77 78 79 82 85 86 87 100 101 103 105 110 112 113 114 116 117
0 1 2 1 0 1 3 1 1 1 2 3 0 1 3 1 0 1 1 3 24 0 2 14 29 38 39 40 41 47 52 61 66 67 68 76 84 88 100 101 103 110 111 113 114
0 1 2 1 1 0 3 2 1 2 1 2 0 2 3 0 1 1 1 2 20 38 39 42 47 52 53 54 61 63 65 66 77 84 89 96 100 105 110 111 117
0 1 2 2 0 2 2 1 2 0 2 2 0 2 3 0 1 0 2 3 18 1 2 29 34 39 43 47 51 66 67 70 77 83 84 101 105 110 111
0 2 0 0 0 3 2 0 3 0 1 2 1 2 2 2 1 3 0 2 25 2 3 5 6 7 9 10 11 12 13 35 37 38 39 41 42 44 45 46 47 48 50 51 67 72
0 2 0 0 1 2 2 1 3 1 0 1 1 3 2 1 2 3 0 1 36 0 5 6 7 10 11 12 16 19 24 25 27 38 39 42 44 45 46 47 48 50 51 54 55 56 58 60 63 65 82 84 86 87 93 97 99
0 2 0 2 1 2 1 2 3 0 1 0 2 3 2 0 2 2 0 2 18 6 7 10 11 45 46 47 50 51 71 80 82 84 87 106 111 115 117
0 2 1 0 1 1 3 1 3 0 1 1 1 2 1 1 3 3 1 0 24 0 5 6 12 38 40 42 43 45 48 49 50 69 72 76 81 82 85 87 104 112 113 115 116
0 2 1 0 2 2 2 1 2 0 2 2 0 2 0 2 3 3 0 1 18 3 5 12 35 41 42 48 50 51 69 70 77 86 87 102 104 112 115
0 2 1 1 1 0 3 2 2 0 2 1 2 1 1 1 2 3 0 1 20 38 39 42 44 45 46 48 69 71 72 75 77 80 82 86 104 106 112 115 117
0 2 2 0 1 2 3 0 2 1 1 1 0 3 2 0 3 2 1 1 18 0 5 11 16 27 38 39 42 43 47 50 51 54 63 64 65 69 77
0 2 2 1 0 2 3 0 1 0 3 2 1 1 2 1 1 2 0 3 18 0 2 7 28 32 38 39 41 42 46 47 67 69 70 71 74 75 77
0 2 2 1 1 1 3 1 1 1 2 1 1 2 2 0 2 2 0 2 27 0 7 16 19 24 38 39 42 46 47 54 55 56 58 60 63 65 69 71 75 77 84 95 104 111 115 117
0 2 2 2 2 3 1 1 1 0 3 1 0 3 1 0 3 1 0 3 14 0 2 5 11 28 37 50 51 67 70 84 104 111 115
1 0 0 0 0 3 1 0 2 2 1 2 2 1 3 2 0 3 2 0 25 1 3 4 6 8 11 12 14 15 19 20 21 25 26 28 29 31 33 34 35 36 40 55 61 72
1 0 0 0 2 3 0 1 1 3 1 2 1 2 2 2 1 3 1 0 36 0 3 4 11 12 14 15 16 17 19 21 23 25 26 27 28 29 33 34 35 36 82 85 90 93 94 96 97 98 100 102 103 110 112 113 115
1 0 0 1 1 1 1 2 1 3 1 1 3 1 3 1 0 3 1 0 24 0 6 14 19 20 21 25 31 38 55 61 72 82 90 96 97 98 100 106 107 108 110 112 113
1 0 0 1 2 2 0 2 0 3 2 2 2 1 2 2 0 3 0 1 18 14 19 21 22 25 28 32 35 90 91 92 96 97 100 102 106 111 112
1 0 0 2 0 3 0 1 2 1 2 1 3 1 3 1 0 2 2 1 36 0 1 4 6 7 8 9 11 12 19 20 22 26 28 29 31 32 33 34 35 36 82 83 85 90 91 92 100 103 106 107 108 110 111 112 113
1 0 0 2 1 2 0 2 2 2 1 0 3 2 3 0 1 2 2 0 18 6 11 19 20 23 27 31 34 82 83 90 93 94 96 106 107 110 115
1 0 1 1 2 1 1 2 0 2 3 2 2 0 1 2 1 3 1 0 20 15 16 21 28 29 33 53 58 68 69 72 90 93 94 100 102 103 106 108 109
1 0 1 2 0 2 1 1 2 0 3 1 3 0 2 1 1 2 3 0 18 0 1 4 6 8 28 29 30 31 33 66 73 100 103 106 107 108 109
1 0 1 2 2 2 0 2 1 1 3 1 2 1 1 1 2 2 2 0 27 0 4 12 17 23 28 29 30 33 35 36 82 85 90 93 94 98 100 103 106 108 109 110 112 113 115 116
1 0 2 0 2 3 1 0 0 3 2 2 0 2 2 1 2 2 2 0 18 14 15 16 17 25 26 27 28 29 30 34 35 36 53 63 64 68 69
1 0 2 1 0 2 2 0 0 2 3 2 2 0 3 1 0 2 2 1 18 14 15 19 20 22 28 29 31 32 33 52 55 56 66 67 68 71 73
1 0 2 1 1 1 2 1 0 3 2 1 2 1 3 0 1 2 2 0 20 14 16 19 20 31 53 55 58 59 61 63 66 69 94 96 100 107 109 110 115
1 0 2 2 0 3 1 0 1 1 3 1 2 1 3 0 1 1 3 1 24 0 1 7 11 17 19 20 23 24 28 29 30 31 32 34 37 56 59 60 61 66 67 71 75
1 0 2 2 2 3 0 1 0 2 3 1 1 2 2 0 2 1 2 1 20 17 19 23 24 27 28 29 30 32 34 37 91 94 96 100 109 110 111 115 116
1 1 0 0 2 2 1 1 1 3 0 2 0 3 2 3 0 2 1 1 18 0 3 4 11 12 13 14 15 25 26 48 62 82 85 96 97 98 99
1 1 0 2 1 1 1 2 2 2 0 0 2 3 3 1 0 1 2 1 20 7 8 11 12 20 26 44 47 49 56 61 82 83 85 90 91 92 96 98 99
1 1 0 2 2 2 0 2 1 2 1 1 1 3 2 2 0 1 1 2 27 0 4 9 11 12 13 22 26 29 34 36 82 85 90 91 92 96 98 99 100 103 108 110 111 112 113 114
1 1 1 0 0 1 3 0 2 1 1 2 1 1 2 3 0 2 3 0 18 0 1 3 4 8 12 15 29 36 38 40 48 49 62 66 68 73 76
1 1 1 0 2 1 2 1 1 2 1 2 0 2 1 3 1 2 2 0 27 0 3 4 12 15 17 29 36 48 50 53 62 63 64 68 76 82 85 97 98 100 102 103 110 112 113 116
1 1 1 1 2 0 2 2 0 2 2 2 1 1 1 3 0 2 1 1 15 62 67 68 76 90 97 98 100 102 103 108 110 112 113 114
1 1 1 2 0 1 2 1 2 0 2 1 2 1 2 2 0 1 3 1 27 0 1 4 8 9 12 29 36 44 49 66 67 71 73 74 76 82 83 85 100 103 107 108 110 112 113 114
1 1 1 2 1 0 2 2 2 1 1 0 2 2 2 1 1 1 3 0 15 49 50 73 76 82 83 85 90 98 107 108 110 112 113 116
1 1 1 2 2 1 1 2 1 1 2 1 1 2 1 2 1 1 2 1 27 0 4 9 12 17 29 36 50 64 67 74 76 77 82 85 90 92 94 98 100 103 108 110 112 113 114 116
1 1 2 0 1 1 3 0 1 3 0 1 0 3 3 1 1 1 3 0 14 0 1 11 14 17 25 26 38 40 49 50 53 61 63
1 1 2 1 1 0 3 1 0 3 1 1 1 2 3 1 0 1 2 1 15 52 55 56 57 66 71 73 91 96 99 100 107 110 111 113
1 1 2 2 0 2 2 0 1 1 2 1 1 2 3 1 0 0 3 2 20 1 4 7 13 20 22 26 29 34 36 47 49 56 61 66 67 71 73 74 76
1 1 2 2 1 1 2 1 1 2 1 0 1 3 3 0 1 0 3 1 15 7 20 34 47 56 60 71 77 83 91 94 107 110 111 116
1 1 2 2 2 2 1 1 0 2 2 1 0 3 2 1 1 0 2 2 15 17 26 29 34 36 67 76 98 99 103 110 111 113 114 116
1 2 0 0 1 2 2 0 2 2 0 0 2 3 2 2 1 3 1 0 18 6 8 11 12 19 21 23 25 26 27 45 48 49 50 55 58 62 63
1 2 0 0 2 3 1 0 1 2 1 1 1 3 1 3 1 3 0 1 24 0 3 9 11 12 13 16 19 21 22 24 25 27 28 35 37 48 50 57 58 60 63 65 72
1 2 0 1 1 1 2 1 1 2 1 0 3 2 2 2 0 3 0 1 20 6 7 19 21 25 44 47 48 55 56 57 71 72 82 92 97 99 106 111 112
1 2 0 2 0 3 1 0 2 0 2 0 3 2 2 2 0 2 1 2 18 6 7 8 9 11 12 13 31 32 33 34 35 36 44 47 49 71 74
1 2 0 2 2 3 0 1 1 1 2 0 2 3 1 2 1 2 0 2 20 9 11 12 13 19 22 24 27 32 35 37 82 92 93 99 106 111 112 114 115
1 2 1 0 2 2 2 0 1 1 2 1 1 2 0 3 2 3 1 0 20 3 4 12 16 21 23 30 33 35 36 48 50 58 62 63 64 68 69 72 76
1 2 1 1 0 1 3 0 1 0 3 1 3 0 1 3 0 3 1 1 14 0 3 6 9 28 31 33 38 40 44 67 68 71 72
1 2 1 1 1 0 3 1 1 1 2 0 3 1 1 2 1 3 1 0 15 45 48 55 58 59 62 63 82 93 97 106 109 112 113 115
1 2 1 1 2 1 2 1 0 1 3 1 2 1 0 3 1 3 0 1 15 16 21 35 58 60 63 69 77 92 93 97 102 112 114 115
1 2 1 2 2 2 1 1 1 0 3 0 2 2 0 2 2 2 1 1 15 9 12 33 35 36 50 76 85 108 109 112 113 114 115 116
1 2 2 1 1 1 3 0 0 2 2 0 2 2 2 1 1 2 1 1 15 19 24 25 31 55 56 57 58 59 60 63 65 71 75 77
1 2 2 2 2 3 1 0 0 1 3 0 1 3 1 1 2 1 1 2 15 19 22 23 24 26 27 32 33 34 35 36 60 64 74 76
2 0 0 0 0 3 0 1 3 2 0 3 2 0 2 2 1 2 2 1 25 1 2 3 4 5 6 7 8 9 10 14 15 16 17 18 19 20 21 22 23 24 79 81 88 90
2 0 0 1 1 1 0 3 2 3 0 2 3 0 2 1 1 2 1 1 18 0 6 7 14 16 19 20 21 24 78 80 89 90 91 92 93 94 95
2 0 1 0 2 2 0 2 2 2 1 3 1 0 0 2 3 2 2 0 18 3 4 5 15 16 17 21 23 30 33 79 89 93 94 102 103 104 105
2 0 1 2 1 1 0 3 3 1 1 1 3 0 1 0 3 1 3 0 14 0 1 5 6 17 23 31 78 81 90 93 104 105 107
2 0 2 0 0 3 1 0 2 2 1 3 1 0 2 1 2 1 3 1 36 0 1 2 4 5 7 10 14 15 16 17 18 19 20 22 23 24 29 30 31 33 39 40 42 43 46 52 53 54 56 58 59 60 68 70 73
2 0 2 0 1 2 1 1 2 3 0 2 1 1 2 0 3 1 3 0 18 0 1 5 14 16 17 19 20 23 27 42 43 53 58 59 64 89 94
2 0 2 0 2 3 0 1 1 3 1 3 0 1 1 1 3 1 2 1 24 0 2 4 5 14 15 16 17 18 25 26 27 29 30 36 37 88 89 98 103 104 105 113 116
2 0 2 1 1 1 1 2 1 3 1 2 2 0 2 0 2 1 2 1 27 0 7 14 16 19 20 24 31 39 42 46 52 53 54 56 58 59 60 75 89 91 94 95 104 105 107 109
2 0 2 1 2 2 0 2 0 3 2 3 1 0 1 1 2 1 1 2 20 14 15 16 18 19 22 24 29 32 33 88 89 91 94 95 101 103 104 105 109
2 0 2 2 0 3 0 1 2 1 2 2 2 0 2 0 2 0 3 2 18 1 2 7 10 17 18 20 23 24 29 30 31 32 91 101 105 107 109
2 1 0 1 2 1 0 3 1 3 0 3 1 1 1 3 0 1 0 3 14 0 2 3 9 14 22 25 78 84 86 88 90 91 97
2 1 0 2 0 2 0 2 3 1 0 2 2 1 2 2 0 0 2 3 18 1 2 4 7 8 9 13 20 22 26 79 80 83 84 85 86 91 92
2 1 1 0 0 1 2 1 3 1 0 3 1 0 1 3 1 1 3 1 24 0 1 3 4 8 9 15 17 39 40 41 42 43 44 46 53 54 57 59 60 78 79 81 88
2 1 1 0 2 1 1 2 2 2 0 3 0 1 0 3 2 1 2 1 20 3 4 12 15 17 41 42 51 53 54 62 64 79 85 86 87 88 89 97 98
2 1 1 1 2 0 1 3 1 2 1 3 1 0 0 3 1 1 1 2 15 41 42 53 54 60 68 70 74 79 89 94 102 103 105 108
2 1 1 2 0 1 1 2 3 0 1 2 2 0 1 2 1 0 3 2 20 1 4 8 9 29 39 43 44 46 70 73 74 79 80 81 101 103 105 107 108
2 1 1 2 1 0 1 3 3 1 0 1 2 1 1 1 2 0 3 1 15 39 43 44 46 49 51 60 64 79 80 83 85 86 92 98
2 1 1 2 2 1 0 3 2 1 1 2 1 1 0 2 2 0 2 2 15 4 9 17 36 79 85 86 98 103 105 108 113 114 116 117
2 1 2 0 0 2 2 0 2 2 0 3 0 1 2 2 1 0 3 2 18 1 2 4 13 15 17 18 26 39 40 41 43 49 51 52 53 54 62
2 1 2 1 0 1 2 1 1 2 1 3 1 0 2 2 0 0 2 3 20 2 7 15 20 22 29 39 40 41 52 56 57 68 73 74 88 91 101 103 107
2 1 2 1 1 0 2 2 1 3 0 2 1 1 2 1 1 0 2 2 15 39 40 46 52 53 54 56 57 59 60 65 84 91 94 95
2 1 2 1 2 1 1 2 0 3 1 3 0 1 1 2 1 0 1 3 15 15 18 29 52 53 54 62 65 68 70 101 103 105 113 117
2 2 0 0 0 3 1 0 3 1 0 2 2 1 1 3 1 2 1 2 36 0 2 3 4 5 6 7 8 9 10 12 13 16 18 19 21 22 23 24 25 26 39 40 41 42 44 45 46 49 51 54 56 57 58 60 62
2 2 0 0 2 3 0 1 2 2 0 2 1 2 0 3 2 2 0 2 18 3 5 9 10 12 13 16 18 21 22 24 25 27 86 87 93 97 99
2 2 0 1 0 2 1 1 2 1 1 2 3 0 1 3 0 2 0 3 18 0 2 3 6 7 9 19 21 22 32 39 41 44 56 57 74 80 92
2 2 0 1 1 1 1 2 2 2 0 1 3 1 1 2 1 2 0 2 27 0 6 7 16 19 21 24 25 39 42 44 45 46 54 56 57 58 60 65 80 84 86 92 93 95 97 99
2 2 0 2 0 3 0 1 3 0 1 1 3 1 1 2 1 1 1 3 24 0 2 4 5 6 7 8 9 10 12 13 31 32 33 36 37 80 81 84 85 86 108 113 114
2 2 0 2 1 2 0 2 3 1 0 0 3 2 1 1 2 1 1 2 20 6 7 8 10 12 19 23 24 26 27 80 81 84 85 86 87 92 93 95 99
2 2 1 0 0 2 2 0 3 0 1 2 2 0 0 3 2 2 2 1 18 3 4 5 8 9 10 30 33 40 41 42 43 44 45 46 68 70 73
2 2 1 0 1 1 2 1 3 1 0 1 2 1 0 2 3 2 2 0 20 5 8 12 16 21 23 40 42 43 45 49 58 59 62 64 81 85 87 93 97
2 2 1 1 1 0 2 2 2 1 1 1 3 0 0 2 2 2 1 1 15 40 42 44 45 46 54 57 58 59 60 75 92 93 95 104
2 2 1 2 1 1 1 2 3 0 1 0 3 1 0 1 3 1 2 1 15 8 10 12 44 45 46 49 51 73 75 85 86 87 113 117
2 2 2 0 1 2 2 0 2 2 0 1 1 2 1 1 3 1 2 1 27 0 5 7 10 16 19 23 24 25 26 27 39 40 42 43 46 49 51 54 56 57 58 59 60 62 64 65
2 2 2 0 2 3 1 0 1 2 1 2 0 2 0 2 3 1 1 2 20 4 5 13 16 18 25 26 27 30 36 37 41 42 51 54 62 64 65 68 70
2 2 2 1 0 2 2 0 1 1 2 2 2 0 1 2 1 1 1 3 27 0 2 7 16 18 19 22 24 31 32 33 39 40 41 42 46 54 56 57 58 59 60 68 70 73 74 75
2 2 2 1 1 1 2 1 1 2 1 1 2 1 1 1 2 1 1 2 27 0 7 16 19 24 25 31 39 40 42 46 54 56 57 58 59 60 62 65 73 75 84 95 99 104 109 117
2 2 2 1 2 2 1 1 0 2 2 2 1 1 0 2 2 1 0 3 15 16 18 22 24 25 54 57 58 60 65 70 74 75 95 104
2 2 2 2 0 3 1 0 2 0 2 1 2 1 1 1 2 0 2 3 20 2 4 7 10 13 30 31 32 33 36 37 39 43 46 49 51 70 73 74 75
2 2 2 2 1 2 1 1 2 1 1 0 2 2 1 0 3 0 2 2 15 7 10 23 24 31 46 51 56 59 60 64 65 75 84 95
2 2 2 2 2 3 0 1 1 1 2 1 1 2 0 1 3 0 1 3 15 4 10 13 18 22 23 24 26 30 33 36 95 99 109 113
