656378 960
656381 960
656384 1920
656594 3840
656597 3840
656598 3840
656600 3840
656630 3840
656633 3840
656799 3840
656804 3840
656806 3840
656835 3840
656836 3840
657019 3840
657020 3840
657022 3840
657026 3840
657029 3840
657032 3840
657034 3840
657050 1920
657051 3840
658100 1920
658101 3840
658140 3840
658142 3840
659622 1920
659624 1920
669185 1920
669190 3840
669196 960
669197 3840
669203 1920
669240 384
669242 1920
669245 1920
669257 3840
669262 3840
669263 3840
669268 1920
669269 3840
669275 1920
669280 3840
669281 3840
669292 3840
669293 3840
669302 3840
669303 3840
669348 1920
669364 3840
669410 1920
669411 3840
669413 1920
669418 1920
669463 3840
669472 3840
669473 3840
669474 3840
669481 3840
669482 3840
669483 3840
669484 3840
669485 3840
669487 3840
669488 3840
669490 3840
669493 1920
669497 1920
669508 3840
669509 3840
669518 3840
669519 3840
669521 3840
669529 1920
669531 3840
669533 3840
669541 3840
669547 3840
669557 3840
669569 3840
669571 1920
669573 3840
669580 3840
669593 3840
669626 480
669681 3840
669683 3840
669687 3840
669688 1920
669689 3840
669692 3840
669693 3840
669695 1920
669698 1920
669723 3840
669724 3840
669725 3840
669734 3840
669737 3840
669786 1920
669796 1920
669806 1920
669897 3840
669899 3840
669900 3840
669902 3840
669905 3840
669906 3840
669908 3840
669914 3840
669916 3840
669922 3840
669950 3840
669966 3840
669971 3840
669975 3840
669984 3840
669989 3840
669990 3840
669996 1920
670001 1920
670002 3840
670005 3840
670010 3840
670011 3840
670022 3840
670025 3840
670516 1920
670534 3840
670624 3840
670625 3840
670630 3840
670631 3840
670636 3840
670637 3840
670642 3840
670643 3840
670660 3840
670661 3840
670671 3840
671046 1920
671048 1920
671051 1920
671052 3840
671054 3840
671057 3840
671058 3840
671060 3840
671063 3840
671064 3840
671066 3840
671069 3840
671070 3840
671075 3840
671082 3840
671084 3840
671085 3840
671090 3840
671093 3840
671102 3840
671105 3840
671234 3840
671236 3840
671246 3840
671248 3840
671270 3840
671272 3840
671276 3840
671278 3840
671280 3840
671282 3840
671286 3840
671298 1920
671299 1920
671300 1920
671306 3840
671308 3840
671318 3840
671849 960
671855 3840
671859 3840
671861 3840
671862 3840
671865 3840
671867 3840
671892 3840
671895 3840
671928 1920
671930 1920
671933 1920
671934 3840
671936 3840
672072 3840
672075 3840
672077 3840
672078 3840
672108 3840
672111 3840
672113 3840
672136 3840
672137 3840
672144 3840
672146 3840
672149 3840
672150 3840
672152 3840
672154 3840
672172 3840
672173 3840
672180 3840
672182 3840
672183 3840
672184 3840
672185 3840
672293 1920
672329 3840
672349 1920
672351 3840
672353 1920
672355 3840
672356 3840
672358 3840
672360 3840
672362 3840
672365 3840
672368 3840
672370 3840
672385 3840
672387 3840
672388 3840
672389 3840
672396 3840
672398 3840
672401 3840
672570 3840
672572 3840
672574 3840
672576 3840
672578 3840
672581 3840
672584 3840
672600 1920
672601 1920
672602 1920
672603 3840
672605 1920
672612 3840
672614 3840
672617 3840
673650 1920
673651 1920
673652 1920
673653 3840
673655 1920
673656 3840
673658 3840
673661 3840
673664 3840
673666 3840
673692 3840
673694 3840
674952 960
674954 960
674957 960
674958 3840
674960 3840
674963 3840
675176 1920
675206 1920
676996 3840
676997 3840
677006 3840
677007 3840
677009 1920
677026 3840
677042 3840
677044 3840
677094 3840
677098 3840
677099 3840
677100 3840
677104 3840
677105 3840
677112 3840
677114 3840
677117 3840
677428 3840
677429 1920
677462 3840
677464 3840
677526 1920
677528 3840
677531 3840
677533 3840
677534 3840
677535 3840
677536 3840
677537 3840
677549 3840
677644 1920
677675 3840
677676 3840
677681 3840
677688 3840
677693 3840
677744 3840
677747 3840
677748 3840
677750 3840
677751 3840
677752 3840
677753 3840
677760 3840
677762 3840
677765 3840
679589 3840
679601 3840
680019 3840
680021 3840
680033 3840
680120 3840
680123 1920
680235 3840
680237 3840
680249 3840
680268 3840
680271 3840
680273 3840
680285 3840
680341 3840
680342 3840
680343 3840
680344 3840
680345 3840
680352 3840
680354 3840
680356 3840
680357 3840
682612 3840
682613 1920
682828 1920
682838 1920
682860 3840
682862 3840
682865 3840
682872 3840
682874 3840
682876 3840
682877 3840
682934 3840
682944 3840
682946 3840
692513 1920
692519 3840
692522 1920
692523 3840
692524 1920
692525 3840
692529 3840
692531 1920
692570 1920
692573 1920
692578 3840
692579 3840
692585 3840
692590 3840
692591 3840
692594 3840
692596 3840
692597 3840
692600 3840
692602 3840
692603 3840
692608 3840
692620 3840
692630 3840
692632 3840
692642 3840
692643 3840
692644 3840
692646 1920
692648 3840
692650 3840
692651 3840
692652 3840
692656 3840
692657 3840
692662 3840
692663 3840
692664 3840
692666 3840
692669 3840
692672 3840
692675 3840
692676 1920
692680 3840
692681 3840
692688 3840
692692 3840
692693 3840
692700 3840
692702 3840
692705 3840
692741 1920
692746 960
692765 3840
692777 1920
692791 1920
692793 3840
692801 3840
692809 3840
692811 3840
692813 3840
692815 3840
692821 384
692837 3840
692849 1920
692858 3840
692859 3840
692862 1920
692864 3840
692885 1920
692890 1920
692957 1920
693014 3840
693015 3840
693016 3840
693021 3840
693022 3840
693034 3840
693050 3840
693052 3840
693072 1920
693073 1920
693074 1920
693075 3840
693077 1920
693085 3840
693086 3840
693087 3840
693088 3840
693089 3840
693092 3840
693094 3840
693095 3840
693101 3840
693107 3840
693108 1920
693110 3840
693111 3840
693112 3840
693113 3840
693121 3840
693122 3840
693123 3840
693124 3840
693125 3840
693195 3840
693197 1920
693228 1920
693233 3840
693245 3840
693246 1920
693269 1920
693303 3840
693305 1920
693308 3840
693310 1920
693320 1920
693873 3840
693875 1920
693880 3840
693881 3840
693886 3840
693887 3840
693889 3840
693891 3840
693892 3840
693893 3840
693897 3840
693898 3840
693899 3840
693916 3840
693925 1920
693928 3840
694308 1920
694310 3840
694313 3840
694328 3840
694346 3840
695177 960
695183 3840
695187 3840
695189 3840
695193 3840
695195 3840
695223 3840
695225 3840
695258 1920
695261 1920
695264 3840
695267 3840
695403 3840
695405 3840
695439 3840
695441 3840
695464 3840
695465 3840
695477 3840
695482 3840
695500 3840
695501 3840
695511 3840
695512 3840
695513 3840
695678 1920
695679 3840
695681 1920
695684 3840
695686 3840
695687 3840
695699 3840
695714 3840
695715 3840
695716 3840
695717 3840
695898 3840
695900 3840
695902 3840
695906 3840
695908 3840
695910 3840
695912 3840
695914 3840
695930 1920
695931 3840
695933 1920
695942 3840
696980 1920
696986 3840
696992 3840
697022 3840
698534 1920
703254 960
703256 960
703286 960
703289 960
703675 1920
703676 1920
716075 960
716128 3840
716135 3840
716140 1920
716147 1920
716156 3840
716157 3840
716182 3840
716229 3840
716248 1920
716249 3840
716255 1920
716558 3840
716570 1920
716589 3840
716600 3840
716614 3840
716658 1920
716672 3840
716678 1920
717478 3840
717492 1920
717493 3840
717498 3840
717499 3840
717510 1920
717524 3840
717534 3840
717535 3840
717542 3840
717544 3840
717546 3840
717550 3840
717910 3840
717954 1920
717956 3840
717967 1920
717968 3840
718506 3840
718515 3840
718518 3840
718533 3840
718576 3840
718577 3840
718578 3840
718582 3840
718586 3840
718590 3840
718592 3840
718604 3840
718605 1920
718618 3840
718622 3840
718623 3840
718628 3840
718722 1920
718728 3840
718734 3840
718737 3840
718739 3840
718749 3840
718751 3840
718758 3840
718770 3840
718793 3840
718794 3840
718798 3840
718800 3840
718805 3840
718806 3840
718808 3840
718810 3840
718821 3840
718830 3840
718834 3840
718835 3840
718838 3840
718839 3840
718840 3840
718841 3840
718842 3840
718844 3840
718847 3840
718965 3840
718967 3840
718974 3840
719007 3840
719011 3840
719012 3840
719014 3840
719018 3840
719021 3840
719024 3840
719036 3840
719038 3840
719039 3840
719047 3840
719048 3840
719050 3840
719054 3840
719056 3840
719057 3840
719060 3840
719062 3840
719181 3840
719183 3840
719190 3840
719221 3840
719223 3840
719226 3840
719227 3840
719228 3840
719230 3840
719232 3840
719253 1920
719255 3840
719263 3840
719264 3840
719265 3840
719266 3840
719267 3840
719270 3840
719625 3840
719637 3840
719639 3840
719655 1920
719661 3840
719663 3840
719669 3840
719673 1920
719675 3840
719687 960
719699 3840
719711 1920
720069 3840
720084 3840
720089 3840
720090 3840
720094 3840
720095 3840
720096 3840
720101 3840
720102 3840
720104 3840
720105 3840
720106 3840
720107 3840
720116 3840
720118 3840
720130 3840
720131 3840
720134 3840
720135 3840
720136 3840
720137 3840
720140 3840
720143 3840
720517 3840
720519 3840
720523 3840
720524 3840
720525 3840
720526 3840
720527 3840
720533 3840
720548 3840
720550 3840
720551 1920
720560 3840
720561 3840
720562 3840
720563 3840
720569 3840
721175 3840
721179 3840
721182 3840
721185 3840
721196 1920
721214 3840
721215 3840
721391 1920
721392 3840
721395 3840
721397 3840
721398 3840
721401 3840
721403 3840
721412 3840
721430 3840
721431 3840
721436 3840
721437 3840
721613 1920
721614 3840
721638 3840
721643 3840
721646 3840
721649 3840
721650 3840
721655 3840
721830 1920
721844 1920
721854 3840
721856 3840
721859 3840
721862 3840
721866 3840
722726 3840
722732 3840
722942 1920
722948 3840
722951 3840
725816 1920
725853 3840
725859 3840
725925 3840
726478 3840
726504 3840
726509 3840
726576 3840
726578 3840
726581 3840
726582 3840
726584 3840
726585 3840
726586 3840
726587 3840
726910 3840
726941 3840
727002 1920
727003 1920
727004 1920
727005 3840
727007 1920
727008 3840
727010 3840
727012 3840
727013 3840
728418 384
729097 3840
729098 3840
729100 3840
729101 3840
729102 1920
729103 1920
729104 1920
729105 3840
729107 1920
729168 3840
729528 3840
729530 3840
729532 3840
729533 3840
729600 3840
730393 1920
730394 1920
730395 3840
730397 1920
730464 3840
730466 3840
730467 3840
730469 3840
730896 1920
730898 1920
730901 1920
4031009 1920
4031014 1920
4031020 480
4031087 1920
4031099 960
4031127 640
4031230 3840
4031283 3840
4031285 3840
4031319 3840
4031333 3840
4031334 3840
4031340 3840
4031343 3840
4031404 3840
4031405 3840
4031410 3840
4031440 960
4031441 3840
4031447 1920
4031499 3840
4031519 1920
4031547 3840
4031549 3840
4031608 3840
4031619 3840
4031620 1920
4031621 3840
4031657 1920
4031662 1920
4031715 3840
4031723 3840
4031751 3840
4031763 3840
4031765 3840
4031766 1920
4031775 3840
4031777 3840
4031779 3840
4031822 3840
4031824 3840
4031828 3840
4031834 1920
4031835 3840
4031836 3840
4031837 3840
4031842 3840
4031848 1920
4031849 3840
4032735 3840
4032740 3840
4032743 3840
4032746 3840
4032747 3840
4032749 3840
4032752 3840
4032753 3840
4032810 3840
4032815 3840
4032825 3840
4032840 3840
4032843 3840
4032855 3840
4032859 1920
4032861 3840
4032882 3840
4032884 3840
4032886 3840
4032896 3840
4032898 3840
4032908 3840
4032912 3840
4032913 3840
4032914 3840
4032920 3840
4032924 3840
4032926 3840
4032932 3840
4034039 3840
4034051 3840
4034106 3840
4034108 3840
4034111 3840
4034118 3840
4034120 3840
4034121 3840
4034123 3840
4034142 1920
4034147 1920
4034154 1920
4034156 3840
4034288 3840
4034300 3840
4034322 3840
4034324 3840
4034326 3840
4034334 3840
4034336 3840
4034343 3840
4034345 3840
4034348 3840
4034352 3840
4034354 3840
4034355 3840
4034357 3840
4034358 3840
4034360 3840
4034364 3840
4034366 3840
4034367 3840
4034369 3840
4034370 3840
4034372 3840
4034378 1920
4034386 3840
4034394 3840
4034396 3840
4034398 3840
4034406 3840
4034408 3840
4034414 3840
4034417 3840
4034420 3840
4034424 3840
4034426 3840
4034428 3840
4034429 3840
4034430 3840
4034432 3840
4034434 3840
4034436 3840
4034438 3840
4034442 3840
4034444 3840
4041814 3840
4041815 3840
4041824 3840
4041827 3840
4041845 1920
4041848 3840
4041860 3840
4041882 3840
4041884 3840
4041887 3840
4041894 3840
4041896 3840
4041899 3840
4041924 3840
4041926 3840
4041929 3840
4049582 1920
4049585 1920
4049590 1920
4049657 1920
4049663 1920
4049798 1920
4049801 3840
4049806 3840
4049813 3840
4049858 3840
4049861 3840
4049870 1920
4049873 3840
4049878 3840
4049885 3840
4049916 3840
4049924 3840
4049966 3840
4049967 3840
4049968 3840
4049969 3840
4049978 1920
4049979 3840
4049980 3840
4049981 3840
4077959 1920
4077989 1920
4077999 1920
4078060 1920
4078061 1920
4078066 1920
4078072 960
4078391 1920
4078407 3840
4078421 3840
4078492 1920
4078493 3840
4078499 1920
4079285 3840
4079291 3840
4079295 3840
4079297 3840
4079301 3840
4079327 3840
4079357 1920
4079703 3840
4079711 3840
4079717 3840
4079723 3840
4079727 3840
4079729 3840
4079733 3840
4079758 3840
4079759 3840
4079767 3840
4079769 3840
4079770 3840
4079776 3840
4079782 3840
4079788 3840
4079789 3840
4079794 3840
4079795 3840
4079799 3840
4079800 3840
4079801 3840
4079806 3840
4080550 3840
4080558 3840
4080559 3840
4080560 3840
4080569 3840
4080581 3840
4080587 3840
4080590 3840
4080591 3840
4080593 3840
4080596 3840
4080597 3840
4080978 3840
4080982 3840
4080990 3840
4080992 3840
4080999 3840
4081001 3840
4081004 3840
4081007 3840
4081013 3840
4081014 1920
4081019 3840
4081022 3840
4081023 3840
4081026 3840
4081028 3840
4081029 3840
4081784 3840
4081785 3840
4081820 3840
4081846 3840
4081847 3840
4081856 3840
4081857 1920
4081858 3840
4081859 3840
4081865 1920
4081877 1920
4081883 3840
4081886 3840
4081892 3840
4081895 1920
4081918 3840
4081928 1920
4081930 3840
4081936 1920
4081948 1920
4081954 3840
4081966 1920
4081990 1920
4081991 3840
4082000 1920
4082036 3840
4082060 3840
4082062 3840
4082063 3840
4082072 3840
4082073 3840
4082075 3840
4082090 3840
4082091 3840
4082093 3840
4082096 3840
4082099 3840
4082108 3840
4082109 1920
4082132 3840
4082134 3840
4082135 3840
4082168 3840
4082170 1920
4082207 1920
4082274 3840
4082279 3840
4082286 3840
4082288 3840
4082291 3840
4082295 3840
4082297 3840
4082300 3840
4082303 3840
4082309 3840
4082315 3840
4082318 3840
4082321 3840
4082324 3840
4082327 3840
4082350 3840
4082351 3840
4082360 3840
4082363 3840
4082372 3840
4082374 3840
4082380 3840
4082381 3840
4082386 3840
4082387 3840
4082390 3840
4082392 3840
4082393 3840
4082396 3840
4082399 3840
4088754 3840
4088758 3840
4088759 3840
4088766 3840
4088768 3840
4088769 3840
4088771 3840
4088795 3840
4088802 960
4088804 3840
4088805 1920
4088862 960
4088866 1920
4096085 3840
4096091 3840
4096096 3840
4096097 3840
4096102 3840
4096103 3840
4096108 1920
4096109 3840
4096115 1920
4096515 1920
4096517 3840
4096523 3840
4096528 3840
4096529 3840
4096534 3840
4096535 3840
4096580 1920
4097606 3840
4097607 3840
4097608 3840
4097609 3840
4097614 3840
4097615 3840
4097621 3840
4097622 1920
4097623 960
4097624 3840
4097625 1920
4097626 1920
4097680 3840
4097681 3840
4097682 1920
4097686 1920
4097714 3840
4097715 1920
4097716 1920
4097813 960
4097825 3840
4097831 1920
4097834 3840
4097837 1920
4097840 3840
4097842 3840
4097847 1920
4097896 3840
4097902 1920
4097912 3840
4097942 1920
24233363 480
24233393 1920
24233452 1920
24233453 1920
24233458 1920
24233464 960
24233471 960
24233813 3840
24233882 1920
24233883 3840
24233884 1920
24233885 3840
24233889 1920
24233891 1920
24234467 1920
24234473 3840
24234477 3840
24234513 3840
24234514 3840
24234548 1920
24234551 1920
24234689 3840
24234719 3840
24234728 1920
24234729 3840
24234730 3840
24234749 3840
24234758 3840
24234759 3840
24234760 3840
24234764 3840
24234767 3840
24234932 3840
24234935 3840
24234944 3840
24234945 3840
24234946 3840
24234968 3840
24234969 3840
24234971 3840
24234980 3840
24234981 3840
24234982 3840
24234983 3840
24235125 1920
24235148 3840
24235151 3840
24235160 3840
24235161 3840
24235184 3840
24235185 3840
24235186 1920
24235187 3840
24235190 3840
24235191 1920
24235192 960
24235196 3840
24235197 3840
24235199 1920
24237346 1920
24237351 960
24237352 1920
24237358 3840
24242465 1920
24242885 1920
24243539 3840
24243551 1920
24243610 3840
24243622 1920
24243755 3840
24243761 3840
24243767 3840
24243826 3840
24243832 1920
24243838 3840
24244035 768
24244199 640
24244258 3840
24244270 1920
24245338 3840
24245350 1920
24514703 480
24515123 1920
24521603 1920
24521613 384
24522683 1920
24524123 960
24538199 192
