58
656804 39 0 11 14 20 23 27 28 33 37 38 40 41 44 60 64 67 72 73 75 76 81 92 95 136 141 148 162 180 182 183 185 190 195 216 217 222 234 235 238 1 3 2 3 0 1 2 1 1 1 3 2 3 1 0 2 0 2 2 2 1 1 2 2 2 1 1 2 2 1 2 2 1 1 1 2 2 2 2 3 1 0 1 1 2 3 2 0 1 2 2 1 1 2 2 0 3 2 1 2 1 3 0 2 0 3 1 2 2 2 2 0 3 2 0 0 1 3 2 2 1 1 3 1 2 2 1 2 0 2
657050 49 0 14 18 20 21 23 34 40 41 43 44 54 55 60 61 72 73 75 76 81 93 95 109 115 121 122 124 125 162 174 176 180 182 183 185 190 196 202 203 205 206 216 217 222 223 234 235 237 238 1 2 3 3 1 0 2 1 1 1 2 3 3 1 0 2 1 1 2 2 1 2 1 2 1 2 1 2 2 1 2 1 2 1 2 1 2 2 2 2 2 0 2 0 2 3 2 0 1 2 2 1 1 2 2 0 3 0 2 2 3 2 0 2 0 3 0 2 2 3 2 0 3 2 0 1 2 2 1 1 2 2 2 1 2 2 1 1 1 2
657051 51 0 6 12 18 21 24 34 40 43 54 55 60 61 72 73 75 76 78 79 81 83 87 89 93 95 96 109 115 116 121 122 124 125 164 170 176 182 188 190 196 197 202 203 205 206 217 223 224 235 239 241 1 2 3 3 1 0 2 1 1 1 2 3 3 1 0 2 1 1 2 2 1 2 2 1 1 1 2 3 2 0 2 1 2 0 2 2 2 2 2 2 2 0 2 0 2 3 1 1 1 2 2 1 2 1 3 0 2 0 2 2 2 2 1 2 0 3 0 3 1 3 1 1 2 2 1 2 2 1 1 1 2 2 2 1 1 1 2 2 2 1
658100 43 0 11 14 20 23 33 34 40 41 43 44 60 61 72 73 75 76 77 79 81 92 95 114 115 121 122 124 125 162 180 182 183 185 216 217 222 223 234 236 238 239 240 241 1 3 2 3 1 0 2 0 2 1 3 2 3 1 0 2 0 2 2 2 1 2 2 1 1 1 2 2 2 1 2 2 1 1 1 2 2 2 2 2 2 0 2 0 2 3 2 0 0 1 3 2 2 1 2 0 3 2 2 1 1 2 1 2 0 3 2 2 1 1 2 1 3 2 0 0 1 3 2 2 1 2 2 1 2 2 1 1 1 2
669348 56 0 1 2 6 7 8 18 19 20 27 28 29 45 46 47 48 49 50 54 55 60 61 72 73 75 76 81 82 83 87 88 89 96 97 98 120 121 122 136 142 148 150 151 162 163 168 169 177 178 180 181 190 202 208 210 211 2 1 3 1 2 1 3 1 0 3 0 3 1 3 0 2 1 1 2 2 1 2 1 2 1 2 1 2 1 2 1 2 2 2 2 0 2 2 1 2 1 2 1 2 1 3 0 3 1 3 0 2 1 1 2 1 2 1 2 2 2 2 0 2 0 3 0 2 2 3 2 0 2 2 2 2 1 1 2 1 1 2 2 2 2 1 1 2 1 1
669364 51 0 1 12 13 14 18 19 22 27 28 29 45 46 48 49 54 55 56 66 67 68 72 75 76 81 82 83 87 88 96 97 108 109 110 136 137 142 150 151 168 169 174 175 176 177 178 184 186 187 210 211 2 1 3 1 2 1 3 1 0 2 1 3 2 2 0 2 1 1 2 3 0 3 0 2 0 2 2 2 1 2 1 3 1 2 1 1 1 3 1 3 0 2 1 2 1 3 1 2 2 2 0 1 1 2 2 2 1 1 2 2 2 1 1 3 0 2 0 2 2 2 2 1 2 1 2 1 2 2 2 2 0 2 1 2 1 1 3 2 2 0
669487 52 0 1 6 7 18 21 24 25 27 28 43 45 46 48 52 54 55 60 61 70 81 83 87 88 92 95 97 108 109 110 114 115 118 119 122 124 163 164 169 172 173 176 178 182 185 187 217 218 223 226 227 230 2 1 3 1 3 0 3 0 1 2 1 3 2 2 0 2 1 1 2 2 1 1 2 2 2 1 1 3 2 0 2 2 1 0 1 3 2 1 2 1 2 2 2 2 0 2 2 2 2 1 1 2 1 1 2 1 2 1 2 1 2 2 1 3 0 2 1 3 1 1 2 1 3 1 1 0 2 2 2 1 2 2 1 3 3 0 1 1 3 0
669725 44 0 1 2 6 8 12 13 14 15 16 17 27 29 39 41 45 47 48 50 54 55 60 69 70 72 73 81 82 83 93 94 95 108 110 120 122 136 168 169 170 210 212 222 223 3 1 2 1 2 1 2 1 1 1 2 3 2 2 0 3 0 1 2 1 2 3 2 0 0 2 2 3 1 1 1 3 1 1 1 2 2 3 0 2 1 2 1 1 2 2 2 2 2 2 0 2 0 2 2 1 2 2 0 3 1 3 0 3 0 2 0 2 2 2 3 0 2 1 2 1 3 1 2 1 1 2 2 1 1 1 2 2 1 2
670025 50 0 6 12 13 15 18 19 22 24 25 54 60 66 67 69 72 73 75 76 78 79 81 83 87 89 94 95 96 97 98 108 110 120 121 122 170 175 176 178 179 184 187 202 203 211 224 230 233 238 241 3 0 3 1 3 0 2 1 1 3 1 2 2 2 0 1 1 2 2 2 1 3 1 1 0 2 2 3 2 0 2 2 1 0 1 3 1 3 1 3 1 1 1 1 2 2 1 3 2 2 0 2 1 1 2 1 2 1 2 1 2 1 2 2 0 3 0 3 1 3 1 1 2 0 3 2 1 2 1 3 0 2 1 2 1 1 2 2 2 1
671093 61 0 1 2 6 7 8 12 13 14 15 17 27 28 29 33 35 39 40 41 42 44 45 46 47 48 50 51 53 54 55 66 72 73 75 76 81 82 83 94 95 108 109 110 120 121 122 136 147 148 168 169 170 174 175 176 177 178 179 228 229 237 3 2 1 1 2 1 2 0 2 2 1 3 2 2 0 2 1 1 2 2 1 3 2 0 0 1 3 3 1 1 1 3 1 1 1 2 2 3 0 2 1 2 1 1 2 2 1 3 2 1 1 2 2 0 2 1 2 1 1 3 2 2 0 3 0 2 0 3 1 2 1 2 1 2 2 2 2 1 2 1 1 2 2 1 1 1 2 2 1 2
671318 55 0 3 6 12 18 24 27 30 33 39 40 43 49 51 52 54 57 72 73 75 76 81 83 86 87 89 95 96 98 108 111 114 120 121 123 124 162 164 165 174 176 177 179 180 182 185 186 188 216 218 219 234 236 238 239 3 1 2 1 3 0 2 0 2 3 1 2 2 2 0 1 1 2 1 3 1 3 1 1 1 1 2 2 3 0 2 1 2 1 1 2 1 3 1 2 2 1 2 0 2 3 1 2 1 1 2 2 2 0 2 0 3 1 3 0 2 1 2 3 1 1 0 2 2 2 1 2 3 0 2 1 2 2 1 2 1 2 2 1 1 2 2 2 1 1
673650 38 0 2 6 8 11 17 21 33 35 40 44 48 49 51 53 55 64 65 67 71 76 81 89 98 116 121 125 162 164 168 170 183 186 188 217 218 224 238 2 2 2 2 2 0 2 0 2 2 2 2 2 2 0 2 0 2 3 1 1 1 3 1 1 1 2 3 1 1 1 3 1 1 1 2 2 2 1 2 2 1 1 1 2 2 2 1 0 2 2 3 1 1 3 0 2 2 1 2 0 3 1 3 0 2 2 1 2 0 3 1 2 2 1 0 2 2 3 1 1 2 2 2 2 2 0 2 0 2
677006 50 3 5 6 8 15 16 17 22 30 32 49 50 57 60 69 70 76 81 83 84 86 89 90 91 92 97 98 108 110 111 113 114 135 141 144 145 150 151 162 164 165 167 168 181 184 185 216 219 235 238 2 2 2 1 2 1 3 0 1 3 2 1 2 2 0 1 0 3 0 3 2 3 1 1 2 1 1 2 2 1 1 2 2 2 1 1 1 3 1 2 0 2 2 2 1 2 2 2 2 1 1 2 1 1 2 1 2 1 2 2 2 2 0 3 2 1 1 0 3 2 2 0 3 0 2 2 1 2 0 3 1 2 2 1 2 1 2 1 2 1
677112 60 0 1 2 3 6 7 12 13 15 16 19 24 27 28 29 30 31 32 33 45 47 48 54 55 57 58 66 67 72 73 76 82 83 86 88 94 95 97 109 110 112 113 115 136 139 148 174 176 177 178 181 182 183 184 186 187 228 234 235 238 2 2 2 1 2 1 3 0 1 3 2 1 3 1 0 0 1 3 2 2 1 1 2 2 2 1 1 3 1 1 0 3 2 2 1 1 2 2 1 2 0 2 1 3 1 2 1 3 1 2 1 3 1 0 1 2 2 2 1 2 2 2 0 3 1 1 0 2 3 2 1 1 3 1 1 1 1 3 1 2 1 1 2 3 2 1 1 3 1 0
677114 63 0 1 3 5 6 7 9 12 14 15 22 25 27 28 29 30 31 32 34 46 49 50 54 55 57 58 63 66 73 76 82 83 84 86 87 88 92 93 95 96 108 109 110 111 112 113 114 115 135 136 139 144 173 174 176 177 181 184 185 187 228 235 238 2 2 2 1 2 1 3 0 1 3 2 1 3 1 0 0 1 3 1 3 1 2 1 2 2 1 1 2 2 1 1 2 2 2 1 1 2 2 1 2 0 2 1 3 1 1 2 3 2 1 1 3 1 0 2 1 2 1 2 2 2 2 0 3 1 1 1 1 3 1 2 1 3 1 1 2 0 3 0 3 1 1 2 2 2 1 2 2 2 0
680342 70 0 1 3 7 8 9 10 11 16 17 30 31 34 45 46 48 49 54 55 57 58 60 62 63 64 65 69 71 72 74 75 76 82 83 84 87 88 89 91 92 96 97 98 108 109 111 112 115 116 162 163 164 165 170 172 173 177 179 216 217 223 226 227 231 232 233 234 236 237 238 2 2 2 2 2 0 2 0 2 2 2 2 3 1 0 1 1 2 2 2 1 1 2 2 2 1 1 2 2 1 2 1 2 1 2 1 2 3 0 1 0 3 2 2 1 2 2 1 1 2 2 2 1 1 1 1 3 1 2 1 3 1 1 2 1 2 2 0 3 1 3 0 2 2 1 2 2 1 1 1 2 1 2 2 3 2 0 1 1 2
680354 62 0 1 3 9 10 16 22 27 28 30 31 34 48 49 52 54 55 57 58 60 61 63 64 69 70 75 76 79 82 83 84 86 87 89 91 92 96 97 98 108 109 110 111 112 113 115 116 172 173 177 179 183 184 185 188 226 231 232 237 238 240 241 2 2 2 2 2 0 2 0 2 3 2 1 3 1 0 0 1 3 2 2 1 1 2 2 2 1 1 2 3 0 2 1 2 1 1 2 1 3 1 2 0 2 2 2 1 2 2 1 1 2 2 2 1 1 1 1 3 1 1 2 3 2 0 3 1 1 2 0 3 0 3 1 2 1 2 2 1 2 1 2 1 1 2 2 3 1 1 1 2 1
692519 47 11 17 18 20 21 24 26 27 30 38 41 45 47 48 54 57 60 65 68 71 72 74 77 78 94 97 108 111 112 121 135 139 141 142 151 182 184 185 187 188 193 209 211 220 223 236 241 2 2 2 2 1 1 2 1 1 2 2 2 2 2 0 2 0 2 1 2 2 3 1 1 1 2 1 3 0 2 2 3 0 0 2 2 0 2 3 2 1 1 3 1 1 3 1 2 2 2 0 1 1 2 2 2 1 2 2 1 1 1 2 3 1 2 1 2 1 2 1 1 3 2 0 0 1 3 2 2 1 2 0 3 1 2 1 2 2 1
692573 18 0 24 40 50 56 70 81 105 121 131 137 151 162 186 202 212 218 232 2 2 2 2 1 1 2 1 1 2 2 2 2 1 1 2 1 1 2 1 2 2 2 1 1 2 1 2 1 2 2 2 1 1 2 1 2 0 3 0 2 2 3 2 0 3 1 2 1 3 0 2 0 2 3 2 0 2 1 2 0 2 2 3 2 0 2 1 2 0 2 2 3 1 2 1 3 0 2 0 2 2 0 3 0 2 2 3 2 0
692680 63 0 1 10 18 21 27 28 29 37 38 41 45 47 48 50 54 55 56 64 65 68 72 74 75 77 81 82 87 88 91 97 108 109 110 114 115 118 119 124 135 136 137 141 142 145 146 151 168 169 178 183 186 203 205 210 212 213 222 230 232 237 239 240 2 2 2 2 1 1 2 1 1 3 1 2 2 2 0 1 1 2 2 3 0 3 0 2 0 2 2 1 2 2 2 2 1 2 1 1 2 1 2 1 1 2 2 2 1 2 2 2 2 1 1 2 1 1 3 2 0 1 2 2 1 1 2 3 0 2 1 2 1 1 2 2 3 1 2 0 3 1 3 0 1 2 1 2 2 0 3 1 3 0
692688 49 0 6 12 15 17 18 20 21 24 26 27 33 45 47 50 51 53 54 68 72 74 75 77 82 94 95 98 109 136 162 163 168 174 175 177 180 181 183 184 186 190 208 211 213 216 217 229 234 237 2 2 2 2 1 1 2 1 1 2 2 2 3 1 0 1 1 2 2 2 1 2 1 2 1 2 1 3 0 2 0 3 2 2 2 0 1 2 2 2 0 2 2 2 1 2 1 3 1 2 1 3 1 0 2 2 1 1 2 2 2 1 1 3 0 2 0 2 2 2 2 1 3 2 0 1 2 2 1 1 2 2 2 2 1 2 1 3 0 1
692700 65 0 1 2 3 6 7 12 13 15 18 24 25 27 28 29 30 31 32 33 45 47 49 51 54 55 57 58 67 72 75 76 82 83 86 88 94 95 97 109 110 112 113 115 136 139 174 176 177 180 182 183 184 186 187 208 209 211 212 213 214 229 234 235 237 238 2 2 2 2 1 1 2 1 1 3 2 1 3 1 0 0 1 3 2 2 1 2 1 2 1 2 1 3 1 1 0 3 2 2 1 1 2 2 1 2 0 2 1 2 2 2 1 3 1 2 1 3 1 0 2 1 2 1 2 2 2 2 0 3 1 1 0 2 2 2 1 2 3 1 1 1 1 3 1 2 1 2 1 3 1 2 1 3 1 0
693124 46 0 2 3 5 10 13 14 18 21 22 29 32 46 49 54 57 64 65 67 68 72 73 75 76 81 83 87 89 91 97 98 110 116 135 137 145 146 165 167 168 170 183 186 194 230 237 3 2 1 2 1 1 1 1 2 2 2 2 3 1 0 1 1 2 2 3 0 3 0 2 0 2 2 2 2 1 1 3 1 2 0 2 2 2 1 2 0 2 1 2 2 1 2 3 2 1 1 3 1 0 3 1 1 0 2 3 2 1 1 3 1 1 1 1 2 1 2 2 3 0 2 0 3 2 2 2 0 2 2 1 1 1 3 2 1 1
693228 66 0 1 2 3 6 8 9 10 11 12 14 15 16 18 19 21 24 37 38 44 46 54 55 56 60 62 63 64 65 69 70 71 72 73 78 79 81 82 83 84 86 87 88 89 100 102 105 133 162 163 164 165 167 172 174 180 183 203 208 216 217 218 226 227 234 235 3 1 2 2 2 0 1 1 2 1 3 2 3 0 1 2 1 1 2 1 2 1 2 2 2 2 0 3 1 1 1 2 2 1 2 1 2 1 2 0 2 2 3 1 1 3 2 1 1 2 1 2 0 2 2 1 2 0 2 2 3 1 1 3 1 1 1 2 2 1 2 1 2 1 2 1 2 2 2 2 0 1 3 2 3 0 1 2 1 1
693897 45 0 1 6 7 18 21 22 24 25 27 28 33 34 37 40 43 54 55 64 67 72 75 76 81 82 83 108 110 119 121 122 135 136 145 148 163 164 169 170 181 182 187 188 226 235 2 3 1 2 1 1 2 0 2 2 2 2 3 1 0 1 1 2 1 2 2 2 3 0 2 0 2 3 2 0 2 1 2 0 2 2 2 0 3 2 2 0 1 2 2 2 2 2 1 1 2 3 1 0 2 1 2 1 2 2 2 2 0 3 0 2 1 3 1 1 2 1 3 1 1 0 2 2 2 1 2 2 1 2 2 1 1 1 3 1
716255 52 0 1 2 6 7 8 18 19 20 27 29 45 46 47 48 49 50 55 56 61 62 73 74 76 77 81 83 87 88 89 96 97 98 120 121 122 142 148 151 152 163 164 169 170 178 179 181 182 202 208 211 212 2 1 3 1 2 1 3 1 0 3 0 3 1 3 0 2 1 1 2 2 1 2 1 2 1 2 1 3 1 1 2 1 1 0 3 2 2 2 1 2 1 2 1 2 1 3 0 3 1 3 0 2 1 1 3 1 1 2 1 1 0 3 2 2 0 3 0 2 2 3 2 0 2 1 2 2 1 1 1 2 2 2 1 2 2 1 1 1 2 2
718728 63 0 2 9 10 11 15 17 19 27 29 33 35 36 37 42 44 46 47 53 54 60 62 63 64 65 69 71 73 74 80 89 91 92 94 98 103 107 118 121 125 127 128 130 134 145 148 152 154 157 162 164 165 168 170 181 182 184 188 189 192 197 208 211 1 2 3 2 1 1 3 1 0 2 2 2 1 2 1 3 0 1 3 0 2 1 3 1 1 2 1 3 1 1 0 2 2 2 2 1 1 3 1 2 1 2 2 1 1 2 1 2 2 2 1 1 2 1 2 1 2 1 2 1 2 2 1 2 2 1 1 2 2 2 1 1 3 0 2 2 1 2 0 3 1 2 3 1 3 1 0 1 0 3
719047 37 0 1 9 10 18 19 27 28 30 36 37 39 64 73 82 83 88 89 109 110 113 115 116 118 124 145 151 168 169 170 177 178 186 188 232 239 242 2 2 2 1 2 1 3 0 1 2 1 3 2 2 0 2 1 1 3 2 0 2 1 2 0 2 2 3 2 0 0 2 2 2 1 2 2 1 2 3 2 0 0 2 2 3 0 2 1 3 1 1 2 1 3 1 1 2 1 2 0 2 2 2 1 2 1 1 2 2 2 1 2 1 2 2 2 0 1 2 2 1 3 2 3 0 1 2 1 1
720094 66 0 1 3 9 10 11 12 14 19 23 30 32 39 41 50 54 55 56 57 59 63 64 65 68 73 74 77 81 82 84 87 88 90 93 96 97 106 111 114 120 123 162 163 164 168 169 171 172 177 178 179 181 187 188 216 217 218 222 223 226 232 233 235 236 241 242 1 2 3 2 2 0 3 0 1 2 2 2 2 1 1 2 1 1 3 2 0 1 3 1 1 0 3 2 1 2 2 2 0 1 2 2 1 3 1 2 1 2 2 1 1 2 2 1 0 2 2 3 1 1 2 2 1 2 0 2 1 3 1 3 1 1 1 1 3 1 2 1 3 1 1 2 1 1 0 3 2 2 2 1 2 0 3 1 2 1
721643 63 0 1 2 18 19 20 27 28 29 39 40 41 55 73 74 76 83 87 88 89 96 98 109 110 114 115 116 120 121 122 123 124 125 142 143 148 149 152 163 164 169 170 177 178 179 180 181 182 186 187 188 217 218 223 224 229 230 233 235 236 239 241 242 3 2 1 1 2 1 2 0 2 2 1 3 2 2 0 2 1 1 3 2 0 1 2 2 1 1 2 3 1 1 1 2 1 1 2 2 1 2 2 3 2 0 1 1 2 2 0 3 2 2 1 1 2 1 2 1 2 3 1 1 0 2 2 2 0 3 0 3 1 3 1 1 1 2 2 2 1 1 2 2 1 1 2 2 2 1 1 2 1 2
726582 63 0 2 3 6 8 9 15 21 28 29 31 32 35 49 50 53 54 55 57 58 60 61 63 64 69 70 81 83 84 86 87 89 90 92 96 98 110 113 135 136 138 139 144 145 151 162 164 165 170 171 177 179 183 185 186 188 216 217 223 225 226 231 232 1 3 2 2 1 1 3 0 1 3 1 2 2 2 0 1 1 2 3 1 1 1 3 1 1 1 2 3 1 1 1 1 2 1 3 1 2 2 1 1 0 3 2 3 0 2 1 2 2 2 1 1 2 1 3 0 2 0 2 2 2 3 0 3 1 1 2 0 3 0 3 1 2 1 2 1 2 1 2 1 2 3 2 1 2 1 1 1 1 2
726587 48 0 2 3 6 8 9 15 18 20 21 27 29 30 31 32 34 35 45 46 47 48 49 50 54 55 56 58 59 63 64 84 86 87 89 96 111 113 116 139 140 164 167 170 182 185 217 218 226 1 3 2 2 1 1 3 0 1 3 1 2 2 2 0 1 1 2 3 1 1 0 3 2 2 1 1 3 1 1 2 1 1 0 3 2 2 2 1 1 0 3 2 3 0 2 1 2 1 2 2 2 2 0 3 0 2 1 2 1 1 3 1 2 1 2 2 0 3 1 3 0 1 1 3 2 2 0 2 1 2 3 1 1 1 1 2 1 2 2
727013 53 0 3 6 9 12 15 21 27 28 30 31 34 45 46 51 54 55 58 63 64 66 67 72 75 76 84 86 87 89 93 96 111 112 115 139 140 147 148 162 164 167 170 182 183 185 186 188 217 218 234 236 238 239 2 2 2 1 2 1 3 0 1 3 2 1 2 2 0 1 0 3 3 1 1 0 3 2 2 1 1 3 2 0 1 1 2 1 2 2 1 3 1 2 0 2 2 2 1 1 2 2 2 1 2 2 2 0 2 0 3 2 2 0 1 2 2 2 1 2 2 1 2 1 2 1 1 1 3 3 2 0 1 1 2 2 1 2 2 1 1 1 2 2
4031499 71 0 3 9 12 15 21 24 28 30 31 33 34 36 37 39 40 42 43 45 48 51 55 57 58 60 61 66 67 69 70 72 78 83 84 86 87 90 93 96 99 101 102 104 105 139 142 145 147 148 150 151 164 165 167 168 171 174 177 193 194 199 201 202 204 217 220 222 223 225 226 229 1 3 2 3 0 1 2 1 1 2 1 2 1 2 2 2 2 0 1 2 2 2 2 1 2 1 1 3 2 0 1 2 2 1 1 2 2 2 1 1 2 2 2 1 1 2 1 2 2 2 1 1 2 1 3 0 2 1 1 3 1 3 0 1 3 1 2 1 2 2 1 1 1 3 2 3 1 0 2 0 2 1 2 2 1 1 2 3 2 0
4031657 51 0 2 6 8 9 11 20 26 36 38 47 52 53 54 56 63 65 74 81 83 84 86 87 89 90 92 93 95 101 104 117 119 120 121 122 128 130 131 133 164 167 170 173 176 200 202 203 218 220 221 229 1 2 3 3 1 0 2 1 1 2 1 2 1 2 2 2 2 0 3 0 2 1 3 1 1 2 1 2 2 1 3 1 1 0 2 2 3 1 1 0 3 2 2 1 1 2 1 2 1 2 2 2 2 0 2 0 3 1 2 1 2 2 1 1 2 3 3 1 0 2 1 1 2 2 1 3 1 1 0 2 2 2 0 3 1 2 1 2 2 1
4031779 38 0 3 9 18 21 28 37 46 57 75 81 83 84 86 87 90 92 96 110 115 118 119 124 164 173 182 185 194 196 199 200 205 208 209 212 221 223 239 1 2 3 3 1 0 2 1 1 2 1 2 2 3 0 1 1 2 3 2 0 1 2 2 1 1 2 3 2 0 2 2 1 0 1 3 1 2 2 2 2 1 2 1 1 3 1 1 2 2 1 0 2 2 3 0 2 0 3 1 2 1 2 1 2 2 2 0 2 2 3 0 2 1 2 2 1 1 1 2 2 1 2 3 3 0 1 2 2 0
4031822 58 0 2 3 5 8 18 20 28 31 32 34 35 50 72 75 81 83 84 86 89 90 93 99 101 102 104 110 112 113 115 116 118 121 124 128 131 164 165 170 171 174 180 182 183 185 193 196 197 199 202 205 209 212 228 229 232 234 237 1 2 3 3 1 0 2 1 1 3 0 2 1 3 1 1 2 1 2 1 2 2 2 1 1 2 1 2 2 1 2 1 2 1 2 1 3 1 1 2 2 1 0 2 2 3 1 1 1 3 1 1 1 2 2 0 3 0 2 2 3 2 0 1 1 3 1 1 2 3 2 0 2 2 2 2 2 0 2 0 2 2 2 1 3 1 1 0 2 2
4031835 68 6 7 9 10 19 25 30 31 33 34 36 37 39 40 42 43 45 46 49 52 58 60 61 63 64 66 67 69 70 72 73 76 78 79 90 99 101 111 113 117 120 126 128 129 131 169 170 172 178 182 188 193 194 196 197 199 202 205 208 209 212 223 224 229 232 235 239 241 1 2 3 3 1 0 2 1 1 2 1 2 2 2 1 1 2 1 2 1 2 2 3 0 1 1 2 2 3 0 3 0 2 0 2 2 3 1 1 1 3 1 1 1 2 3 0 2 1 3 1 1 2 1 2 1 2 1 1 2 2 2 1 0 2 3 2 1 1 3 1 1 1 2 2 3 2 0 1 1 2 2 2 1 1 1 2 2 2 1
4032843 61 0 1 3 9 10 16 28 30 33 34 36 37 42 43 45 48 57 61 63 64 69 70 72 75 81 82 83 84 86 90 91 92 99 101 102 104 109 110 111 113 117 118 119 126 128 129 131 165 167 168 169 177 178 179 188 219 223 231 232 237 240 1 3 2 3 1 0 2 0 2 1 2 2 2 2 1 2 1 1 2 2 1 3 2 0 0 1 3 2 3 0 2 1 2 1 1 2 2 2 1 2 1 2 1 2 1 3 1 1 1 1 2 1 3 1 2 1 2 1 1 3 2 2 0 1 3 1 2 0 2 2 2 1 1 3 1 2 2 1 2 0 2 2 2 1 2 0 2 1 3 1
4032882 43 0 3 6 9 15 21 30 31 33 42 48 49 51 55 64 76 81 83 84 90 92 102 111 112 129 130 164 165 168 170 171 173 183 186 188 217 218 220 224 226 227 233 238 1 3 2 3 1 0 2 0 2 2 2 1 2 2 1 1 1 2 2 1 2 2 3 0 1 1 2 3 2 0 1 2 2 1 1 2 3 1 1 1 3 1 1 1 2 2 2 1 0 2 2 3 1 1 3 0 2 2 1 2 0 3 1 2 1 2 3 0 2 0 3 1 1 3 1 1 1 2 3 1 1 2 2 2 2 2 0 2 0 2
4032926 71 0 1 2 4 5 8 10 11 19 25 26 28 29 30 31 33 34 35 36 37 38 43 44 45 49 50 51 52 53 54 55 57 58 59 61 62 63 70 71 81 82 83 84 85 86 90 91 92 99 100 101 103 104 109 110 111 112 117 118 119 126 128 129 130 131 179 185 186 188 231 233 1 3 2 3 1 0 2 0 2 3 1 1 2 2 1 0 2 2 2 1 2 3 2 0 0 2 2 1 3 1 2 2 1 2 0 2 2 1 2 1 2 2 2 2 0 3 1 1 1 1 2 1 3 1 1 1 3 2 2 1 2 1 1 2 2 1 2 0 2 1 2 2 1 2 2 2 1 2 2 1 1 2 1 2 2 2 1 1 2 1
4034154 44 2 3 20 21 28 29 30 31 37 56 57 64 73 74 75 76 83 84 87 89 96 139 145 150 164 165 177 182 183 186 188 197 199 204 217 218 219 220 222 224 235 236 237 240 2 3 1 3 0 1 1 1 2 2 1 2 2 3 0 1 1 2 3 2 0 1 2 2 1 1 2 3 1 1 1 3 1 1 1 2 2 1 2 2 3 0 1 1 2 3 1 1 1 1 3 1 2 1 3 0 2 1 2 2 1 2 1 1 3 1 2 0 2 2 2 1 1 1 3 2 2 0 2 1 2 0 3 3 3 1 0 3 0 1
4034424 71 0 1 2 6 8 9 10 11 15 19 20 26 28 37 38 40 46 47 49 53 57 58 60 62 76 77 81 83 87 89 90 91 92 96 98 100 101 110 112 116 118 119 121 122 125 127 128 130 131 163 168 171 172 177 179 182 193 197 199 202 203 206 208 209 215 219 220 222 224 238 239 2 2 2 3 1 0 1 1 2 2 1 2 2 2 1 1 2 1 3 1 1 1 3 1 1 1 2 2 2 1 2 1 2 1 2 1 2 2 1 1 3 1 2 0 2 3 0 2 2 1 2 0 3 1 2 1 2 0 2 2 3 1 1 1 1 3 1 2 1 3 1 1 2 2 1 3 1 1 0 2 2 2 2 2 1 2 1 3 0 1
4041815 55 0 1 6 7 9 18 19 24 25 36 39 45 46 48 49 51 52 54 55 60 63 66 73 75 76 78 81 82 83 87 88 89 90 92 117 119 120 122 164 169 170 182 187 188 217 218 223 224 227 230 235 236 238 239 241 2 3 1 3 1 0 1 0 3 2 1 2 2 3 0 1 1 2 3 1 1 1 3 1 1 1 2 3 2 0 2 2 1 0 1 3 3 1 1 0 2 2 2 2 1 2 0 3 2 2 1 1 2 1 2 1 2 1 2 2 2 1 1 2 1 3 2 2 0 2 1 1 2 2 1 2 0 2 1 3 1 1 1 3 2 1 1 2 2 1
4049801 68 0 2 4 6 7 9 11 14 18 20 22 23 24 25 36 38 40 45 47 49 51 52 54 56 58 63 65 68 74 81 83 85 86 87 88 90 92 95 99 101 103 104 105 106 117 119 121 122 126 128 130 131 132 133 200 209 211 212 214 218 220 221 227 229 230 236 238 239 3 2 1 3 1 0 0 1 3 2 2 1 1 2 2 2 1 1 3 1 1 1 3 1 1 1 2 2 2 1 3 1 1 0 2 2 3 1 1 0 2 3 2 1 1 2 1 2 1 1 3 2 2 0 2 1 2 1 2 1 2 1 2 1 2 3 3 1 0 2 1 1 2 2 1 2 1 2 1 2 1 2 0 3 0 2 2 3 2 0
4049858 66 0 1 2 3 4 5 7 9 10 12 14 15 16 18 21 22 28 31 32 34 49 63 66 67 68 70 75 81 83 84 85 86 87 88 90 91 92 93 95 96 97 99 100 102 103 110 112 113 115 127 130 193 194 196 208 211 225 226 227 229 230 231 232 234 237 238 3 2 1 3 1 0 0 1 3 2 2 1 1 2 2 2 1 1 1 3 1 2 1 2 2 1 1 2 2 1 2 1 2 1 2 1 3 1 1 2 0 3 0 3 1 3 1 1 1 1 3 1 2 1 3 1 1 0 2 2 2 1 2 1 2 2 2 1 2 2 2 0 1 2 3 2 1 1 3 1 0 2 1 2 1 2 2 2 2 0
4079297 48 30 31 32 33 35 42 44 49 52 53 54 55 56 57 58 59 63 65 73 74 76 81 84 85 87 90 96 100 103 106 111 114 123 130 133 165 166 167 168 170 184 187 188 219 220 221 238 239 0 3 3 3 1 0 3 0 1 2 2 1 1 3 1 2 0 2 3 1 1 2 2 1 0 2 2 2 1 2 2 2 0 1 2 2 2 2 1 1 2 2 2 1 1 3 1 1 0 1 3 2 3 0 2 1 2 1 2 1 2 2 1 1 3 1 2 0 2 2 2 1 3 1 1 2 0 3 0 3 1 2 1 2 2 1 1 1 2 2
4079759 48 0 3 6 9 15 21 36 37 42 46 48 49 54 55 57 58 63 64 72 73 75 76 81 83 84 86 99 102 104 117 119 128 129 131 167 170 173 179 185 217 220 221 226 227 235 236 238 239 1 2 3 2 2 0 3 0 1 2 2 1 2 1 2 1 2 1 2 1 2 2 3 0 1 1 2 3 2 0 2 0 2 0 3 2 3 1 1 0 3 2 2 1 1 1 2 2 1 1 2 3 2 0 3 0 2 1 2 1 1 2 2 2 1 2 2 0 3 1 3 0 2 2 1 2 1 1 1 2 2 2 2 1 1 2 1 2 0 3
4079788 66 0 1 2 4 5 7 10 11 20 25 26 36 37 38 43 46 47 49 50 52 54 55 56 57 58 59 60 63 64 70 71 73 74 76 77 79 80 81 83 84 86 90 92 117 119 165 167 168 169 170 178 179 184 185 187 188 219 221 222 224 231 232 238 239 241 242 1 2 3 2 2 0 3 0 1 2 1 2 2 3 0 1 1 2 3 1 1 2 3 0 0 1 3 1 3 1 2 0 2 2 2 1 3 1 1 0 3 2 2 1 1 2 1 2 1 2 1 2 2 1 1 1 3 2 1 1 2 2 1 2 2 1 2 0 2 1 2 2 3 1 1 2 2 1 0 2 2 2 2 1 2 1 2 1 1 2
4080559 61 0 3 9 12 21 23 27 28 36 37 38 45 47 54 55 57 63 64 65 66 68 72 74 75 77 81 84 87 90 92 93 95 99 101 102 104 107 138 144 145 147 149 154 158 162 165 168 171 173 174 176 195 196 198 199 216 217 219 226 227 230 1 3 2 3 0 1 2 1 1 2 1 2 1 2 2 2 2 0 2 3 0 2 1 2 1 1 2 3 1 1 1 2 1 1 2 2 3 1 1 1 2 2 1 2 1 2 1 2 2 0 3 1 3 0 3 0 2 1 2 1 1 3 1 1 2 2 3 2 0 1 1 2 3 2 0 1 1 2 1 1 3 3 2 1 2 0 2 1 2 1
4081858 62 0 2 3 5 9 12 21 23 39 40 41 48 49 50 54 55 56 57 58 63 64 65 66 67 68 72 74 75 76 77 81 84 90 93 99 102 120 121 129 130 133 162 165 167 170 171 173 174 176 201 202 203 216 217 219 220 223 224 226 227 229 230 1 2 3 3 1 0 2 1 1 2 1 2 1 2 2 2 2 0 2 3 0 2 1 2 1 1 2 2 1 2 2 2 0 1 2 2 3 1 1 0 3 2 2 1 1 2 1 2 0 2 2 3 1 1 3 0 2 1 2 1 1 3 1 1 2 2 3 2 0 1 1 2 2 2 1 2 1 1 1 1 3 2 1 2 3 1 1 0 2 2
4081892 67 0 1 3 4 18 21 36 37 39 40 46 47 48 49 54 55 56 57 58 64 66 67 81 82 83 84 85 87 89 99 100 101 102 103 107 117 118 119 120 121 123 125 127 128 129 130 134 165 166 168 170 183 184 186 188 201 202 204 206 211 215 219 220 222 224 229 233 1 2 3 3 1 0 2 1 1 2 1 2 1 3 1 2 1 1 2 3 0 3 1 1 0 1 3 2 1 2 2 1 1 1 3 1 3 0 2 0 3 2 2 2 0 2 1 2 1 2 1 2 1 2 3 1 1 1 2 1 1 2 2 2 2 1 1 1 2 2 2 1 2 2 1 2 1 1 1 1 3 1 3 1 3 2 0 1 0 3
4082036 34 0 3 5 9 18 21 23 30 31 32 55 58 59 73 76 77 90 96 99 102 104 123 124 162 168 170 171 177 180 217 223 224 226 232 2 2 2 2 2 0 2 0 2 3 1 1 0 3 2 2 1 1 2 3 0 2 2 1 1 0 3 2 2 1 1 1 2 2 2 1 2 1 2 2 3 0 1 1 2 3 1 1 0 2 2 2 1 2 3 0 2 2 2 1 0 2 2 2 2 2 2 0 2 2 2 0 2 1 2 2 2 0 1 1 3 3 2 0 1 2 2 1 1 2
4088754 56 0 1 3 4 6 9 10 12 21 22 24 25 37 40 49 52 54 57 63 66 81 83 84 86 87 89 90 92 93 95 102 107 119 122 131 134 162 163 166 168 169 170 171 172 173 174 186 187 216 221 222 224 225 227 228 230 2 2 2 2 2 0 2 0 2 1 2 2 3 1 1 1 2 1 2 2 1 2 2 1 1 1 2 3 2 0 1 0 3 1 3 1 3 1 1 0 1 3 2 3 0 2 1 2 2 1 2 1 2 1 3 1 1 0 3 1 2 0 3 2 1 2 3 2 0 0 2 2 2 2 1 1 1 2 2 2 1 3 2 1 2 1 1 1 1 2
4088771 53 0 2 3 5 6 8 9 12 15 23 24 26 27 31 33 45 48 49 51 52 54 56 57 59 63 66 67 84 86 87 89 90 93 96 99 101 104 107 108 112 114 115 126 129 130 133 167 170 182 188 220 221 229 2 2 2 2 2 0 2 0 2 2 1 2 2 2 1 1 2 1 2 2 1 1 2 2 2 1 1 3 1 1 2 1 1 0 3 2 2 2 1 1 0 3 2 3 0 1 1 3 2 1 2 2 2 0 2 0 3 1 3 0 2 1 2 1 2 2 3 1 1 1 2 1 2 1 2 2 2 0 1 1 3 3 0 2 1 2 1 1 2 2
4097623 18 0 9 18 30 39 48 83 92 101 115 124 133 221 223 230 232 239 241 3 2 1 2 2 0 1 0 3 2 2 1 1 2 2 2 1 1 2 3 0 3 0 2 0 2 2 3 2 0 0 2 2 2 1 2 2 1 2 1 2 2 2 1 1 3 0 2 0 2 2 2 2 1 2 0 3 3 2 0 0 2 2 2 1 2 2 2 1 1 2 1 2 2 1 1 1 2 2 1 2 3 1 2 2 0 2 1 3 0
4097831 59 0 1 3 6 18 19 37 39 42 45 46 48 54 55 57 60 63 64 66 69 70 81 83 84 86 87 89 99 101 104 119 120 122 123 125 126 128 129 131 163 167 169 170 181 182 203 205 206 208 212 217 221 223 224 226 227 230 232 233 3 1 2 2 2 0 1 1 2 1 3 1 2 1 2 2 1 1 2 2 1 2 1 2 1 2 1 3 2 0 2 0 2 0 3 2 3 0 2 0 2 3 2 2 0 2 1 2 1 1 2 2 2 1 1 1 3 2 1 1 2 2 1 2 1 2 1 2 2 2 2 0 3 1 1 1 1 2 1 3 1 2 2 1 2 0 2 1 2 2
24233891 80 0 3 4 6 8 9 11 12 18 19 27 33 34 36 38 39 42 44 45 46 47 48 49 62 65 71 74 76 81 84 85 87 88 89 93 96 98 99 101 102 103 108 109 110 111 112 114 116 117 119 120 123 125 126 127 129 130 137 139 142 143 146 152 154 155 157 166 169 179 181 184 190 193 196 197 200 206 208 209 211 1 2 2 2 1 2 2 2 0 1 2 2 3 1 1 1 2 1 2 1 2 2 2 1 1 2 1 3 1 1 2 1 1 0 3 2 2 1 2 2 2 1 1 2 1 1 2 2 3 1 1 1 2 1 3 1 1 2 1 1 0 2 3 1 1 3 1 1 2 3 2 0 2 2 1 2 0 2 1 3 1 2 1 2 2 2 0 1 1 3
